111
64
52


28
70
49
67
34
46
43



37

31

55
61

40
58


27
28

30
31

33
34

36
37

39
40

42
43

45
46

48
49

51
52

54
55

57
58

60
61

63
64

66
67

69
70

157,87,85,154
99,151,153,96,88,149
169,92,166
93,160,167,90,163
132,97,84,129,130,73,89,91,71,133,134,127,128,94,86,72,74,131
179,101,103,176
171,173,175,182,104,109,107
136,105,77,138,76,137,110,135,100,139,108,102
192,189,113,115
116,186,119,188,184,195,121
126,202
200,197,123,125
114,146,82,79,122,140,112,141,145,80,147,120,142,143,124,144,81,117
85

87
88

90

92
93

95
96

98
99

101

103
104

106
107

109

111

113

115
116

118
119

121

123

125
126

148
150
152
155
158
161
164
168
170
172
174
177
180
183
185
187
190
193
196
198
201
149

151

153
154

156
157

159
160

162
163

165
166
167

169

171

173

175
176

178
179

181
182

184

186

188
189

191
192

194
195

197

199
200

202

106,95,183,118,148,170,159
150,100,112,156,178,172,84,185,191
86,114,102
30,196,45,98,57,181,54,42,63,48,69,120,33,39,108,51,27,194,60,36,66
174,152,165,91,187
124
199,110,122,201
89,162,168